 123
 234
 3455
 567
 678
 789
 890
 901
  890
  901
   890
   901
    890
    901
     890
     901
      890
      901
       890
       901
        890
	901
	 890
	 901
	  890
	  901
	   890
	   901
	    890
	    901
	     890
	     901
	      890
	      901
	       890
	       901
	        890
		901
		 890
		 901
		  890
		  901
		   890
		   901
		    890
		    901
		     890
		     901
		      890
		      901
		       890
		       901
		        890
			901
			 890
			 901
			  890
			  901
			   890
			   901
			    890
			    901
			     890
			     901
			      890
			      901
			       890
			       901
			        890
				901
				 890
				 901
				  890
				  901
				   890
				   901
				    890
				    901
				     890
				     901
				      890
				      901
				       890
				       901
				        890
					901
					 890
					 901
					  890
					  901
					   890
					   901
					    890
					    901
					     890
					     901
					      890
					      901
					       890
					       901
					        890
						901
						 890
						 901
						  890
						  901
						   890
						   901
						    890
						    901
						     890
						     901
						      890
						      901
						       890
						       901
						        890
							901
							 890
							 901
							  890
							  901
							   890
							   901
							    890
							    901
							     890
							     901
							      890
							      901
							       890
							       901
							        890
								901
								 890
								 901
								  890
								  901
								   890
								   901
								    890
								    901
								     890
								     901
								      890
								      901
								       890
								       901
								        890
									901
									 890
									 901
									  890
									  901
									   890
									   901
									    890
									    901
									     890
									     901
									      890
									      901
									       890
									       901
									        890
										901
										 890
										 901
										  890
										  901
										   890
										   901
										    890
										    901
										     890
										     901
										      890
										      901
										       890
										       901
										        890
											901
											 890
											 901

